12.3565
13.8676
16.0658
19.9586
23.2718
29.5883
38.077
42.1913
49.6161
51.4592
54.1855
60.049
62.7554
62.6917
63.9732
71.4334
77.2346
84.6948
88.8779
90.8376
94.8076
102.856
109.578
112.21
116.201
120.296
126.329
138.326
139.519
145.419
148.148
151.128
155.645
157.346
158.223
162.084
169.334
173.638
180.661
183.08
188.272
194.295
200.913
210.274
214.955
219.753
225.826
228.78
236.984
246.085
249.792
257.855
262.27
267.415
271.603
275.318
279.522
283.301
288.74
287.715
291.601
296.098
301.448
305.927
311.68
317.943
325.088
330.934
337.519
344.308
350.448
360.154
363.539
361.818
368.969
375.266
376.277
380.058
387.147
389.829
395.67
403.803
408.82
407.466
412.117
415.314
421.575
428.89
435.688
439.002
442.353
450.352
453.358
459.469
462.464
470.732
479.482
489.336
497.988
503.422
